    0.282000009345087E+03    0.197499955955072E+03
    0.282000010585907E+03    0.197500134776360E+03
    0.282000007127466E+03    0.197499879156174E+03
    0.282000003354322E+03    0.197499788691482E+03
    0.282000000826262E+03    0.197500284485016E+03
    0.281999999609648E+03    0.197500075318113E+03
    0.281999991988609E+03    0.197500201474353E+03
    0.281999989802816E+03    0.197498746688304E+03
    0.282000000081174E+03    0.197500051962422E+03
    0.282000001303186E+03    0.197499742707892E+03
    0.281999913446059E+03    0.197499999138017E+03
    0.289499991067753E+03    0.211988983719868E+03
    0.289500006637242E+03    0.212000025754063E+03
    0.296500004888450E+03    0.225000220946801E+03
    0.296500003383497E+03    0.225000042981609E+03
    0.296500005719520E+03    0.224999998042445E+03
    0.296500004660354E+03    0.225000236842937E+03
    0.296499997596784E+03    0.224909898407436E+03
