    0.825895898730906E+01    0.417536661773740E+03    0.168249000671499E+02    0.451249995219344E+03
    0.137023422472679E+02    0.417030599547583E+03    0.223230836653571E+02    0.441677652561092E+03
    0.229855948888088E+02    0.414159879129530E+03    0.297434798517067E+02    0.440397907134478E+03
    0.309109500438469E+02    0.411218470083609E+03    0.376578313418688E+02    0.437470417547316E+03
    0.393960980307122E+02    0.409460803555852E+03    0.443869289040434E+02    0.436051745029012E+03
    0.474741789650661E+02    0.407163473007693E+03    0.515334176456895E+02    0.433829276547280E+03
    0.547434034108729E+02    0.403114167285536E+03    0.596477844151714E+02    0.429755042991257E+03
    0.619011261269848E+02    0.402083218811750E+03    0.664982661149092E+02    0.428741169444659E+03
    0.689270017475464E+02    0.399271512080376E+03    0.725556695841926E+02    0.426071991298692E+03
    0.751634529357215E+02    0.395905777019152E+03    0.802288966772108E+02    0.422373866819671E+03
    0.796464308197953E+02    0.386862694175896E+03    0.860014901372883E+02    0.425187340270961E+03
    0.868016373948734E+02    0.389434089991838E+03    0.922246458300614E+02    0.415902272448652E+03
    0.921013126496230E+02    0.381330407381923E+03    0.989024641649534E+02    0.419518390229302E+03
    0.993356653579357E+02    0.377405912914521E+03    0.108395362167169E+03    0.420397827670848E+03
    0.107494378827084E+03    0.373908791313919E+03    0.115888319235561E+03    0.417092797505517E+03
    0.115123056865261E+03    0.370573875242014E+03    0.124401883344373E+03    0.413477612365113E+03
    0.123572809236685E+03    0.367172754909092E+03    0.132794794372826E+03    0.410089853753213E+03
    0.130639019687296E+03    0.363519239370677E+03    0.139867734274460E+03    0.406527453878687E+03
