   -0.376954403691343E-06    0.521353194926633E-05    0.303693832393037E-05   -0.130977027583867E-02   -0.456753605976701E-02
    0.310674380443743E-06    0.525897667102981E-05    0.394401286030188E-05   -0.170457037165761E-02   -0.458696903660893E-02
   -0.215946247550391E-07    0.529689032191527E-05    0.293432162834506E-05   -0.125263503286988E-02   -0.460386089980602E-02
   -0.224984813002038E-07    0.531662817593315E-05    0.293845437226992E-05   -0.124537409283221E-02   -0.461290637031198E-02
   -0.187593769851446E-06    0.538276253791992E-05    0.216734065361379E-05   -0.900539685972035E-03   -0.464198645204306E-02
   -0.253167939945342E-06    0.545022430742392E-05    0.177760625774681E-05   -0.722411437891424E-03   -0.467159738764167E-02
   -0.203335730475374E-06    0.547357149116579E-05    0.216347075365775E-05   -0.877684273291379E-03   -0.468251015990973E-02
   -0.227562864552056E-06    0.548681146028684E-05    0.203128593057045E-05   -0.814602011814713E-03   -0.468898471444845E-02
   -0.293310591814588E-06    0.560235912416829E-05    0.162630988143064E-05   -0.629633781500161E-03   -0.473891803994775E-02
   -0.195179936213208E-06    0.554807456865092E-05    0.228185558626137E-05   -0.903268519323319E-03   -0.471716793254018E-02
   -0.155773079768551E-06    0.566802054891014E-05    0.198603333956271E-05   -0.780575734097511E-03   -0.476720742881298E-02
   -0.162667134873118E-06    0.562561217520852E-05    0.247582943302405E-05   -0.967816042248160E-03   -0.475212931632996E-02
   -0.152641362660688E-06    0.573016995986109E-05    0.216405896935612E-05   -0.837386935018003E-03   -0.479567144066095E-02
   -0.247565509425840E-06    0.562820650884532E-05    0.259148714576440E-05   -0.982322031632066E-03   -0.475937034934759E-02
   -0.289538860442917E-06    0.573096622247249E-05    0.243238628172548E-05   -0.897332734894007E-03   -0.480487989261746E-02
   -0.235105332535568E-06    0.570689871892682E-05    0.269627798843430E-05   -0.100069679319859E-02   -0.479741534218192E-02
   -0.235938813375469E-06    0.575778722122777E-05    0.270054511020135E-05   -0.989029300399125E-03   -0.482147885486484E-02
   -0.242775939796047E-06    0.581950416744803E-05    0.272726833827619E-05   -0.984389451332390E-03   -0.485016219317913E-02
