  8.00  6.75   12.734   7.144  -0.07  1.30  -3.01  43.36  7.76   9.93  21.08
  8.00  6.75   12.734   7.144  -0.07  1.30  -3.01  43.36  7.76   9.93  21.08
  8.00  6.75   12.734   7.144  -0.07  1.30  -3.01  43.36  7.76   9.93  21.08
  8.00  6.75   12.734   7.144  -0.07  1.30  -3.01  43.36  7.76   9.93  21.08
  8.00  6.75   12.734   7.144  -0.07  1.30  -3.01  43.36  7.76   9.93  21.08
  8.00  6.75   12.734   7.144  -0.07  1.30  -3.01  43.36  7.76   9.93  21.08
  8.00  8.00   12.734   7.144  -0.07  1.30  -3.01  43.36  7.76   9.93  21.08
  8.00  8.00   12.734   7.144  -0.07  1.30  -3.01  43.36  7.76   9.93  21.08
  8.00  8.00   12.734   7.144  -0.07  1.30  -3.01  43.36  7.76   9.93  21.08
  9.25  8.00   12.734   7.144  -0.07  1.30  -3.01  43.36  7.76   9.93  21.08
  9.25  8.00   15.661   7.588  -0.13  1.83  -5.17  49.82  8.46  11.46  24.13
  9.25  9.25   15.661   7.588  -0.13  1.83  -5.17  49.82  8.46  11.46  24.13
  9.25  9.25   21.156   8.698  -0.07  2.58  -5.91  58.15  9.85  12.65  27.94
 11.00  9.25   21.156   8.698  -0.07  2.58  -5.91  58.15  9.85  12.65  27.94
 11.00  9.25   21.156   8.698  -0.07  2.58  -5.91  58.15  9.85  12.65  27.94
 11.00  9.25   21.156   8.698  -0.07  2.58  -5.91  58.15  9.85  12.65  27.94
 11.00  9.25   21.156   8.698  -0.07  2.58  -5.91  58.15  9.85  12.65  27.94
 11.00  9.25   21.156   8.698  -0.07  2.58  -5.91  58.15  9.85  12.65  27.94
