  1  11.47  445.55  17.36  461.71   8.66   5.50  13.92  30.80
  2  19.53  442.53  25.42  458.69   8.66   5.50  13.92  30.37
  3  27.66  440.50  33.54  456.66   8.66   5.50  13.92  30.08
  4  35.72  438.40  41.61  454.56   8.66   5.50  13.92  29.77
  5  43.72  436.30  49.60  452.46   8.66   5.50  13.92  29.43
  6  51.62  434.12  57.51  450.29   8.66   5.50  13.92  29.08
  7  59.45  431.39  65.34  447.55   8.66   5.50  13.92  28.69
  8  66.60  429.25  72.76  445.13   8.66   5.50  13.92  28.34
  9  73.87  428.11  80.32  444.06   8.66   5.50  13.92  27.96
 10  81.21  426.48  87.93  442.32   8.66   5.50  13.92  27.52
 11  86.07  424.10  95.28  442.97   9.50   5.50  14.63  27.19
 12  93.66  422.41 103.20  441.12   9.50   5.50  14.63  26.63
 13  99.94  420.58 113.55  446.19  11.10   5.50  18.11  25.99
 14 108.11  418.39 122.17  443.75  11.10   5.50  18.11  25.26
 15 116.47  417.05 130.72  441.72  11.10   5.50  18.11  24.47
 16 124.17  415.31 139.10  440.17  11.10   5.50  18.11  23.63
 17 132.72  413.64 147.66  438.50  11.10   5.50  18.11  22.68
 18 140.09  412.27 155.46  436.86  11.10   5.50  18.11  21.74
